150 190
0 33 17
0 35 13
0 11 20
0 138 20
0 30 18
0 17 12
0 92 12
1 84 18
1 147 16
2 75 13
2 104 14
2 144 11
2 20 13
3 56 17
3 19 10
3 138 14
3 6 10
5 85 15
5 111 14
5 35 14
6 124 16
6 43 17
9 110 19
9 79 17
9 23 15
10 75 12
10 102 13
11 58 14
11 81 11
12 57 13
12 15 15
12 100 18
13 101 12
13 92 16
14 92 16
14 91 17
15 141 11
15 33 13
15 129 10
15 64 14
16 28 19
16 61 11
17 120 20
17 42 20
18 97 20
18 91 14
18 23 17
19 37 19
19 71 16
19 121 15
20 23 10
21 142 10
21 93 11
21 145 17
22 81 19
22 26 19
23 95 13
23 29 12
23 132 20
23 78 12
23 33 19
24 102 12
24 32 11
24 89 13
24 57 10
25 28 13
25 78 13
26 115 15
26 31 20
26 85 18
27 121 13
27 63 13
27 146 13
28 147 19
28 113 17
30 137 16
30 86 13
31 99 12
31 104 16
32 38 16
33 82 16
33 128 12
34 103 17
35 134 16
35 70 16
36 75 18
36 83 10
37 49 12
37 110 13
37 119 14
38 78 16
38 144 11
39 95 11
40 99 12
41 144 17
41 135 10
41 87 11
43 57 12
43 110 13
43 66 11
43 79 18
45 73 20
46 87 18
47 129 10
48 52 15
50 113 20
50 63 14
50 104 16
50 88 20
50 125 14
51 61 11
51 105 17
52 112 17
52 128 12
52 127 20
52 148 19
52 72 10
53 88 12
53 97 10
53 144 18
54 131 18
54 92 13
55 149 19
55 86 10
56 83 11
57 112 19
57 65 15
57 116 11
57 79 16
58 88 19
58 89 13
58 125 18
59 132 11
59 63 14
60 92 10
61 71 15
61 94 17
61 122 20
64 145 16
65 113 11
66 120 14
66 72 20
67 112 16
67 97 16
67 100 10
70 80 12
75 145 10
76 93 17
76 104 10
76 144 14
77 127 18
78 144 12
78 132 13
79 125 15
80 111 19
80 108 16
81 138 14
82 146 11
82 88 18
83 138 14
86 143 10
88 120 20
91 124 11
93 113 16
96 134 18
98 149 14
99 136 18
99 137 16
101 117 10
101 113 11
101 126 20
102 124 20
103 147 13
107 129 10
112 120 19
114 137 16
116 130 11
116 144 10
119 148 19
123 137 16
123 135 18
124 135 19
130 137 13
132 147 16
132 144 11
137 147 16
137 143 16
138 140 11
142 145 19
143 148 11
10
126 41 16 99 27 38 49 44 30 23
